# rho	    A	        veq	       Qeq	  
0.0	  0.0082	 119.88	       0.0 
0.9	  0.0082	 119.13	       104.2 
1.8	  0.0082	 118.38	       207.2 
2.6	  0.0083	 117.63	       308.8 
3.5	  0.0083	 116.88	       409.1 
4.4	  0.0083	 116.12	       508.0 
5.2	  0.0084	 115.36	       605.6 
6.1	  0.0084	 114.59	       701.9 
7.0	  0.0085	 113.81	       796.7 
7.9	  0.0085	 113.02	       890.1 
8.8	  0.0086	 112.22	       981.9 
9.6	  0.0087	 111.39	       1072.1 
10.5	  0.0088	 110.54	       1160.7 
11.4	  0.0089	 109.66	       1247.4 
12.2	  0.0090	 108.75	       1332.2 
13.1	  0.0091	 107.81	       1415.0 
14.0	  0.0093	 106.82	       1495.5 
14.9	  0.0095	 105.79	       1573.7 
15.8	  0.0096	 104.72	       1649.3 
16.6	  0.0099	 103.58	       1722.1 
17.5	  0.0101	 102.40	       1791.9 
18.4	  0.0103	 101.14	       1858.5 
19.2	  0.0106	 99.83	       1921.7 
20.1	  0.0110	 98.44	       1981.2 
21.0	  0.0113	 96.99	       2036.7 
21.9	  0.0117	 95.46	       2088.2 
22.8	  0.0122	 93.86	       2135.2 
23.6	  0.0127	 92.18	       2177.6 
24.5	  0.0132	 90.42	       2215.3 
25.4	  0.0138	 88.59	       2248.0 
26.3	  0.0144	 86.69	       2275.6 
27.1	  0.0151	 84.72	       2297.9 
28.0	  0.0159	 82.68	       2314.9 
28.9	  0.0167	 80.57	       2326.6 
29.8	  0.0176	 78.42	       2332.9 
30.6	  0.0186	 76.21	       2333.8 
31.5	  0.0196	 73.95	       2329.5 
32.4	  0.0206	 71.66	       2320.1 
33.2	  0.0217	 69.35	       2305.7 
34.1	  0.0229	 67.01	       2286.6 
35.0	  0.0241	 64.65	       2262.9 
35.9	  0.0253	 62.30	       2235.0 
36.8	  0.0265	 59.95	       2203.1 
37.6	  0.0278	 57.61	       2167.6 
38.5	  0.0290	 55.29	       2128.7 
39.4	  0.0302	 53.00	       2086.9 
40.2	  0.0315	 50.75	       2042.5 
41.1	  0.0327	 48.53	       1995.8 
42.0	  0.0338	 46.36	       1947.2 
42.9	  0.0349	 44.25	       1897.1 
43.8	  0.0360	 42.19	       1845.6 
44.6	  0.0370	 40.19	       1793.3 
45.5	  0.0380	 38.25	       1740.3 
46.4	  0.0389	 36.37	       1686.9 
47.2	  0.0398	 34.57	       1633.4 
48.1	  0.0406	 32.83	       1580.0 
49.0	  0.0413	 31.16	       1526.9 
49.9	  0.0420	 29.56	       1474.3 
50.8	  0.0426	 28.03	       1422.4 
51.6	  0.0431	 26.56	       1371.3 
52.5	  0.0436	 25.16	       1321.1 
53.4	  0.0441	 23.83	       1271.9 
54.3	  0.0445	 22.56	       1223.9 
55.1	  0.0449	 21.35	       1177.0 
56.0	  0.0452	 20.20	       1131.5 
56.9	  0.0455	 19.11	       1087.1 
57.8	  0.0458	 18.08	       1044.2 
58.6	  0.0461	 17.10	       1002.5 
59.5	  0.0463	 16.17	       962.2 
60.4	  0.0465	 15.29	       923.2 
61.3	  0.0466	 14.46	       885.6 
62.1	  0.0468	 13.67	       849.3 
63.0	  0.0469	 12.93	       814.4 
63.9	  0.0471	 12.22	       780.7 
64.8	  0.0472	 11.56	       748.3 
65.6	  0.0473	 10.93	       717.1 
66.5	  0.0473	 10.33	       687.2 
67.4	  0.0474	 9.77	       658.4 
68.2	  0.0475	 9.24	       630.7 
69.1	  0.0475	 8.74	       604.2 
70.0	  0.0476	 8.27	       578.7 
70.9	  0.0476	 7.82	       554.3 
71.8	  0.0477	 7.40	       530.9 
72.6	  0.0477	 7.00	       508.4 
73.5	  0.0478	 6.62	       486.8 
74.4	  0.0478	 6.27	       466.2 
75.3	  0.0478	 5.93	       446.4 
76.1	  0.0478	 5.61	       427.4 
77.0	  0.0479	 5.31	       409.2 
77.9	  0.0479	 5.03	       391.8 
78.8	  0.0479	 4.76	       375.1 
79.6	  0.0479	 4.51	       359.1 
80.5	  0.0479	 4.27	       343.8 
81.4	  0.0479	 4.04	       329.1 
82.3	  0.0479	 3.83	       315.0 
83.1	  0.0479	 3.63	       301.5 
84.0	  0.0479	 3.43	       288.5 
84.9	  0.0480	 3.25	       276.1 
85.8	  0.0480	 3.08	       264.3 
86.6	  0.0480	 2.92	       252.9 
87.5	  0.0480	 2.76	       241.9 
88.4	  0.0480	 2.62	       231.5 
89.3	  0.0480	 2.48	       221.4 
90.1	  0.0480	 2.35	       211.8 
91.0	  0.0480	 2.23	       202.5 
91.9	  0.0480	 2.11	       193.7 
92.8	  0.0480	 2.00	       185.2 
93.6	  0.0480	 1.89	       177.0 
94.5	  0.0480	 1.79	       169.2 
95.4	  0.0480	 1.70	       161.7 
96.3	  0.0480	 1.61	       154.5 
97.1	  0.0480	 1.52	       147.6 
98.0	  0.0480	 1.44	       140.9 
98.9	  0.0480	 1.36	       134.5 
99.8	  0.0480	 1.29	       128.4 
100.6	  0.0480	 1.22	       122.5 
101.5	  0.0480	 1.15	       116.9 
102.4	  0.0480	 1.09	       111.5 
103.3	  0.0480	 1.03	       106.2 
104.1	  0.0480	 0.97	       101.2 
105.0	  0.0480	 0.92	       96.4 
105.9	  0.0480	 0.87	       91.8 
106.8	  0.0480	 0.82	       87.3 
107.6	  0.0480	 0.77	       83.1 
108.5	  0.0480	 0.73	       78.9 
109.4	  0.0480	 0.69	       75.0 
110.2	  0.0480	 0.65	       71.2 
111.1	  0.0480	 0.61	       67.5 
112.0	  0.0480	 0.57	       64.0 
112.9	  0.0480	 0.54	       60.6 
113.8	  0.0480	 0.50	       57.4 
114.6	  0.0480	 0.47	       54.2 
115.5	  0.0480	 0.44	       51.2 
116.4	  0.0480	 0.42	       48.3 
117.2	  0.0480	 0.39	       45.5 
118.1	  0.0480	 0.36	       42.8 
119.0	  0.0480	 0.34	       40.2 
119.9	  0.0480	 0.31	       37.7 
120.8	  0.0480	 0.29	       35.3 
121.6	  0.0480	 0.27	       33.0 
122.5	  0.0480	 0.25	       30.8 
123.4	  0.0480	 0.23	       28.6 
124.3	  0.0480	 0.21	       26.6 
125.1	  0.0480	 0.20	       24.6 
126.0	  0.0480	 0.18	       22.7 
126.9	  0.0480	 0.16	       20.8 
127.8	  0.0480	 0.15	       19.1 
128.6	  0.0480	 0.13	       17.3 
129.5	  0.0480	 0.12	       15.7 
130.4	  0.0480	 0.11	       14.1 
131.3	  0.0480	 0.10	       12.6 
132.1	  0.0480	 0.08	       11.1 
133.0	  0.0480	 0.07	       9.7 
133.9	  0.0480	 0.06	       8.3 
134.8	  0.0480	 0.05	       7.0 
135.6	  0.0480	 0.04	       5.7 
136.5	  0.0480	 0.03	       4.5 
137.4	  0.0480	 0.02	       3.3 
138.2	  0.0480	 0.02	       2.2 
139.1	  0.0480	 0.01	       1.1 
140.0	  0.0480	 0.00	       0.0 
