# rho(1/km)	    A	 veqmax(km/h)	 Qeqmax(1/h)	 veqmin(km/h)
0.0	  0.0080	 118.80	 	 0.00 	 118.80  
4.0	  0.0080	 118.80	 	 470.81 	 118.80  
7.9	  0.0080	 118.80	 	 941.63 	 118.80  
11.9	  0.0080	 118.80	 	 1412.44 	 118.80  
15.9	  0.0080	 118.80	 	 1883.26 	 118.80  
19.8	  0.0080	 118.80	 	 2354.07 	 118.80  
23.8	  0.0080	 118.80	 	 2824.88 	 118.80  
27.7	  0.0080	 118.80	 	 3295.70 	 118.80  
31.7	  0.0081	 118.80	 	 3766.51 	 118.80  
35.7	  0.0081	 118.80	 	 4237.33 	 118.80  
39.6	  0.0081	 118.80	 	 4708.14 	 118.80  
43.6	  0.0081	 118.80	 	 5178.95 	 118.80  
47.6	  0.0081	 118.80	 	 5649.77 	 118.80  
51.5	  0.0081	 118.80	 	 6120.58 	 118.80  
55.5	  0.0082	 118.80	 	 6591.39 	 118.80  
59.4	  0.0082	 118.80	 	 7062.21 	 118.80  
63.4	  0.0082	 118.80	 	 7533.02 	 118.02  
67.4	  0.0083	 118.80	 	 8003.84 	 110.05  
71.3	  0.0083	 118.80	 	 8474.65 	 102.98  
75.3	  0.0084	 118.80	 	 8945.46 	 96.65  
79.3	  0.0085	 118.80	 	 9416.28 	 90.95  
83.2	  0.0086	 118.80	 	 9887.09 	 85.79  
87.2	  0.0087	 118.54	 	 10335.02 	 81.10  
91.2	  0.0088	 112.28	 	 10234.68 	 76.83  
95.1	  0.0089	 106.55	 	 10134.34 	 72.90  
99.1	  0.0091	 101.27	 	 10034.00 	 69.29  
103.0	  0.0093	 96.41	 	 9933.66 	 65.96  
107.0	  0.0096	 91.90	 	 9833.32 	 62.88  
111.0	  0.0099	 87.71	 	 9732.98 	 60.01  
114.9	  0.0102	 83.81	 	 9632.64 	 57.35  
118.9	  0.0106	 80.18	 	 9532.30 	 54.86  
122.9	  0.0111	 76.77	 	 9431.96 	 52.53  
126.8	  0.0116	 73.58	 	 9331.62 	 50.35  
130.8	  0.0122	 70.59	 	 9231.28 	 48.30  
134.7	  0.0129	 67.76	 	 9130.94 	 46.37  
138.7	  0.0136	 65.11	 	 9030.60 	 44.55  
142.7	  0.0145	 62.59	 	 8930.26 	 42.83  
146.6	  0.0155	 60.22	 	 8829.92 	 41.20  
150.6	  0.0165	 57.97	 	 8729.58 	 39.66  
154.6	  0.0176	 55.83	 	 8629.24 	 38.20  
158.5	  0.0188	 53.80	 	 8528.90 	 36.81  
162.5	  0.0201	 51.87	 	 8428.56 	 35.49  
166.4	  0.0214	 50.03	 	 8328.22 	 34.23  
170.4	  0.0227	 48.28	 	 8227.88 	 33.04  
174.4	  0.0241	 46.61	 	 8127.54 	 31.89  
178.3	  0.0254	 45.01	 	 8027.20 	 30.80  
182.3	  0.0267	 43.48	 	 7926.86 	 29.75  
186.3	  0.0279	 42.02	 	 7826.52 	 28.75  
190.2	  0.0291	 40.62	 	 7726.18 	 27.79  
194.2	  0.0301	 39.27	 	 7625.84 	 26.87  
198.2	  0.0311	 37.98	 	 7525.50 	 25.98  
202.1	  0.0320	 36.74	 	 7425.16 	 25.14  
206.1	  0.0328	 35.54	 	 7324.82 	 24.32  
210.0	  0.0336	 34.40	 	 7224.48 	 23.53  
214.0	  0.0342	 33.29	 	 7124.14 	 22.78  
218.0	  0.0347	 32.22	 	 7023.80 	 22.05  
221.9	  0.0352	 31.20	 	 6923.46 	 21.34  
225.9	  0.0356	 30.20	 	 6823.12 	 20.67  
229.9	  0.0360	 29.25	 	 6722.78 	 20.01  
233.8	  0.0363	 28.32	 	 6622.44 	 19.38  
237.8	  0.0366	 27.43	 	 6522.10 	 18.77  
241.7	  0.0368	 26.56	 	 6421.76 	 18.18  
245.7	  0.0370	 25.73	 	 6321.42 	 17.60  
249.7	  0.0372	 24.92	 	 6221.08 	 17.05  
253.6	  0.0373	 24.13	 	 6120.74 	 16.51  
257.6	  0.0374	 23.37	 	 6020.40 	 15.99  
261.6	  0.0375	 22.63	 	 5920.06 	 15.49  
265.5	  0.0376	 21.92	 	 5819.72 	 15.00  
269.5	  0.0376	 21.22	 	 5719.38 	 14.52  
273.5	  0.0377	 20.55	 	 5619.04 	 14.06  
277.4	  0.0378	 19.89	 	 5518.70 	 13.61  
281.4	  0.0378	 19.26	 	 5418.36 	 13.18  
285.3	  0.0378	 18.64	 	 5318.02 	 12.75  
289.3	  0.0379	 18.04	 	 5217.68 	 12.34  
293.3	  0.0379	 17.45	 	 5117.34 	 11.94  
297.2	  0.0379	 16.88	 	 5017.00 	 11.55  
301.2	  0.0379	 16.32	 	 4916.66 	 11.17  
305.2	  0.0379	 15.78	 	 4816.32 	 10.80  
309.1	  0.0379	 15.26	 	 4715.98 	 10.44  
313.1	  0.0379	 14.74	 	 4615.64 	 10.09  
317.0	  0.0380	 14.24	 	 4515.30 	 9.74  
321.0	  0.0380	 13.75	 	 4414.96 	 9.41  
325.0	  0.0380	 13.28	 	 4314.62 	 9.08  
328.9	  0.0380	 12.81	 	 4214.28 	 8.77  
332.9	  0.0380	 12.36	 	 4113.94 	 8.46  
336.9	  0.0380	 11.91	 	 4013.60 	 8.15  
340.8	  0.0380	 11.48	 	 3913.26 	 7.86  
344.8	  0.0380	 11.06	 	 3812.92 	 7.57  
348.8	  0.0380	 10.65	 	 3712.58 	 7.28  
352.7	  0.0380	 10.24	 	 3612.24 	 7.01  
356.7	  0.0380	 9.85	 	 3511.90 	 6.74  
360.6	  0.0380	 9.46	 	 3411.56 	 6.47  
364.6	  0.0380	 9.08	 	 3311.22 	 6.21  
368.6	  0.0380	 8.71	 	 3210.88 	 5.96  
372.5	  0.0380	 8.35	 	 3110.54 	 5.71  
376.5	  0.0380	 8.00	 	 3010.20 	 5.47  
380.5	  0.0380	 7.65	 	 2909.86 	 5.23  
384.4	  0.0380	 7.31	 	 2809.52 	 5.00  
388.4	  0.0380	 6.98	 	 2709.18 	 4.77  
392.3	  0.0380	 6.65	 	 2608.84 	 4.55  
396.3	  0.0380	 6.33	 	 2508.50 	 4.33  
400.3	  0.0380	 6.02	 	 2408.16 	 4.12  
404.2	  0.0380	 5.71	 	 2307.82 	 3.91  
408.2	  0.0380	 5.41	 	 2207.48 	 3.70  
412.2	  0.0380	 5.11	 	 2107.14 	 3.50  
416.1	  0.0380	 4.82	 	 2006.80 	 3.30  
420.1	  0.0380	 4.54	 	 1906.46 	 3.11  
424.0	  0.0380	 4.26	 	 1806.12 	 2.91  
428.0	  0.0380	 3.99	 	 1705.78 	 2.73  
432.0	  0.0380	 3.72	 	 1605.44 	 2.54  
435.9	  0.0380	 3.45	 	 1505.10 	 2.36  
439.9	  0.0380	 3.19	 	 1404.76 	 2.18  
443.9	  0.0380	 2.94	 	 1304.42 	 2.01  
447.8	  0.0380	 2.69	 	 1204.08 	 1.84  
451.8	  0.0380	 2.44	 	 1103.74 	 1.67  
455.8	  0.0380	 2.20	 	 1003.40 	 1.51  
459.7	  0.0380	 1.96	 	 903.06 	 1.34  
463.7	  0.0380	 1.73	 	 802.72 	 1.18  
467.6	  0.0380	 1.50	 	 702.38 	 1.03  
471.6	  0.0380	 1.28	 	 602.04 	 0.87  
475.6	  0.0380	 1.05	 	 501.70 	 0.72  
479.5	  0.0380	 0.84	 	 401.36 	 0.57  
483.5	  0.0380	 0.62	 	 301.02 	 0.43  
487.5	  0.0380	 0.41	 	 200.68 	 0.28  
491.4	  0.0380	 0.20	 	 100.34 	 0.14  
495.4	  0.0380	 0.00	 	 0.00 	 0.00  
499.3	  0.0380	 0.00	 	 0.00 	 0.00  
503.3	  0.0380	 0.00	 	 0.00 	 0.00  
507.3	  0.0380	 0.00	 	 0.00 	 0.00  
511.2	  0.0380	 0.00	 	 0.00 	 0.00  
515.2	  0.0380	 0.00	 	 0.00 	 0.00  
519.2	  0.0380	 0.00	 	 0.00 	 0.00  
523.1	  0.0380	 0.00	 	 0.00 	 0.00  
527.1	  0.0380	 0.00	 	 0.00 	 0.00  
531.1	  0.0380	 0.00	 	 0.00 	 0.00  
535.0	  0.0380	 0.00	 	 0.00 	 0.00  
539.0	  0.0380	 0.00	 	 0.00 	 0.00  
542.9	  0.0380	 0.00	 	 0.00 	 0.00  
546.9	  0.0380	 0.00	 	 0.00 	 0.00  
550.9	  0.0380	 0.00	 	 0.00 	 0.00  
554.8	  0.0380	 0.00	 	 0.00 	 0.00  
558.8	  0.0380	 0.00	 	 0.00 	 0.00  
562.8	  0.0380	 0.00	 	 0.00 	 0.00  
566.7	  0.0380	 0.00	 	 0.00 	 0.00  
570.7	  0.0380	 0.00	 	 0.00 	 0.00  
574.6	  0.0380	 0.00	 	 0.00 	 0.00  
578.6	  0.0380	 0.00	 	 0.00 	 0.00  
582.6	  0.0380	 0.00	 	 0.00 	 0.00  
586.5	  0.0380	 0.00	 	 0.00 	 0.00  
590.5	  0.0380	 0.00	 	 0.00 	 0.00  
594.5	  0.0380	 0.00	 	 0.00 	 0.00  
598.4	  0.0380	 0.00	 	 0.00 	 0.00  
602.4	  0.0380	 0.00	 	 0.00 	 0.00  
606.4	  0.0380	 0.00	 	 0.00 	 0.00  
610.3	  0.0380	 0.00	 	 0.00 	 0.00  
614.3	  0.0380	 0.00	 	 0.00 	 0.00  
618.2	  0.0380	 0.00	 	 0.00 	 0.00  
622.2	  0.0380	 0.00	 	 0.00 	 0.00  
626.2	  0.0380	 0.00	 	 0.00 	 0.00  
630.1	  0.0380	 0.00	 	 0.00 	 0.00  
634.1	  0.0380	 0.00	 	 0.00 	 0.00  
