# rho	    A	        veq	       Qeq	  
0.0	  0.0080	 110.00	       0.0 
1.0	  0.0080	 109.94	       109.9 
2.0	  0.0080	 109.77	       219.5 
3.0	  0.0080	 109.49	       328.5 
4.0	  0.0080	 109.08	       436.3 
5.0	  0.0080	 108.56	       542.8 
6.0	  0.0080	 107.92	       647.5 
7.0	  0.0080	 107.18	       750.2 
8.0	  0.0080	 106.32	       850.6 
9.0	  0.0080	 105.37	       948.3 
10.0	  0.0080	 104.32	       1043.2 
11.0	  0.0080	 103.18	       1135.0 
12.0	  0.0080	 101.96	       1223.6 
13.0	  0.0080	 100.67	       1308.8 
14.0	  0.0080	 99.32	       1390.5 
15.0	  0.0080	 97.91	       1468.7 
16.0	  0.0080	 96.45	       1543.2 
17.0	  0.0081	 94.95	       1614.1 
18.0	  0.0081	 93.40	       1681.2 
19.0	  0.0081	 91.82	       1744.7 
20.0	  0.0081	 90.22	       1804.3 
21.0	  0.0082	 88.58	       1860.2 
22.0	  0.0082	 86.91	       1912.1 
23.0	  0.0083	 85.22	       1960.0 
24.0	  0.0083	 83.49	       2003.8 
25.0	  0.0084	 81.72	       2043.1 
26.0	  0.0085	 79.91	       2077.6 
27.0	  0.0087	 78.03	       2106.9 
28.0	  0.0089	 76.09	       2130.5 
29.0	  0.0091	 74.06	       2147.7 
30.0	  0.0094	 71.93	       2157.8 
31.0	  0.0098	 69.67	       2159.8 
32.0	  0.0103	 67.28	       2153.1 
33.0	  0.0109	 64.75	       2136.9 
34.0	  0.0116	 62.08	       2110.6 
35.0	  0.0126	 59.27	       2074.3 
36.0	  0.0137	 56.34	       2028.3 
37.0	  0.0150	 53.34	       1973.7 
38.0	  0.0166	 50.32	       1912.1 
39.0	  0.0184	 47.32	       1845.6 
40.0	  0.0204	 44.42	       1776.6 
41.0	  0.0226	 41.65	       1707.5 
42.0	  0.0250	 39.06	       1640.6 
43.0	  0.0275	 36.68	       1577.4 
44.0	  0.0300	 34.53	       1519.4 
45.0	  0.0324	 32.60	       1467.1 
46.0	  0.0347	 30.89	       1420.8 
47.0	  0.0368	 29.37	       1380.3 
48.0	  0.0387	 28.03	       1345.3 
49.0	  0.0404	 26.84	       1315.0 
50.0	  0.0418	 25.78	       1289.0 
51.0	  0.0430	 24.83	       1266.4 
52.0	  0.0440	 23.98	       1246.8 
53.0	  0.0448	 23.20	       1229.5 
54.0	  0.0455	 22.48	       1214.1 
55.0	  0.0460	 21.82	       1200.3 
56.0	  0.0464	 21.21	       1187.5 
57.0	  0.0468	 20.63	       1175.7 
58.0	  0.0470	 20.08	       1164.5 
59.0	  0.0472	 19.56	       1153.9 
60.0	  0.0474	 19.06	       1143.6 
61.0	  0.0475	 18.58	       1133.6 
62.0	  0.0476	 18.13	       1123.8 
63.0	  0.0477	 17.68	       1114.0 
64.0	  0.0478	 17.26	       1104.4 
65.0	  0.0478	 16.84	       1094.8 
66.0	  0.0479	 16.44	       1085.1 
67.0	  0.0479	 16.05	       1075.5 
68.0	  0.0479	 15.67	       1065.8 
69.0	  0.0479	 15.31	       1056.1 
70.0	  0.0480	 14.95	       1046.3 
71.0	  0.0480	 14.60	       1036.5 
72.0	  0.0480	 14.26	       1026.6 
73.0	  0.0480	 13.93	       1016.6 
74.0	  0.0480	 13.60	       1006.5 
75.0	  0.0480	 13.29	       996.4 
76.0	  0.0480	 12.98	       986.2 
77.0	  0.0480	 12.68	       976.0 
78.0	  0.0480	 12.38	       965.7 
79.0	  0.0480	 12.09	       955.3 
80.0	  0.0480	 11.81	       944.8 
81.0	  0.0480	 11.53	       934.3 
82.0	  0.0480	 11.27	       923.7 
83.0	  0.0480	 11.00	       913.1 
84.0	  0.0480	 10.74	       902.4 
85.0	  0.0480	 10.49	       891.7 
86.0	  0.0480	 10.24	       880.9 
87.0	  0.0480	 10.00	       870.0 
88.0	  0.0480	 9.76	       859.1 
89.0	  0.0480	 9.53	       848.2 
90.0	  0.0480	 9.30	       837.2 
91.0	  0.0480	 9.08	       826.1 
92.0	  0.0480	 8.86	       815.1 
93.0	  0.0480	 8.64	       803.9 
94.0	  0.0480	 8.43	       792.7 
95.0	  0.0480	 8.23	       781.5 
96.0	  0.0480	 8.02	       770.3 
97.0	  0.0480	 7.82	       759.0 
98.0	  0.0480	 7.63	       747.6 
99.0	  0.0480	 7.44	       736.3 
100.0	  0.0480	 7.25	       724.9 
101.0	  0.0480	 7.06	       713.4 
102.0	  0.0480	 6.88	       702.0 
103.0	  0.0480	 6.70	       690.4 
104.0	  0.0480	 6.53	       678.9 
105.0	  0.0480	 6.36	       667.3 
106.0	  0.0480	 6.19	       655.7 
107.0	  0.0480	 6.02	       644.1 
108.0	  0.0480	 5.86	       632.5 
109.0	  0.0480	 5.70	       620.8 
110.0	  0.0480	 5.54	       609.1 
111.0	  0.0480	 5.38	       597.3 
112.0	  0.0480	 5.23	       585.6 
113.0	  0.0480	 5.08	       573.8 
114.0	  0.0480	 4.93	       562.0 
115.0	  0.0480	 4.78	       550.1 
116.0	  0.0480	 4.64	       538.3 
117.0	  0.0480	 4.50	       526.4 
118.0	  0.0480	 4.36	       514.5 
119.0	  0.0480	 4.22	       502.6 
120.0	  0.0480	 4.09	       490.6 
121.0	  0.0480	 3.96	       478.7 
122.0	  0.0480	 3.83	       466.7 
123.0	  0.0480	 3.70	       454.7 
124.0	  0.0480	 3.57	       442.6 
125.0	  0.0480	 3.44	       430.6 
126.0	  0.0480	 3.32	       418.5 
127.0	  0.0480	 3.20	       406.5 
128.0	  0.0480	 3.08	       394.4 
129.0	  0.0480	 2.96	       382.2 
130.0	  0.0480	 2.85	       370.1 
131.0	  0.0480	 2.73	       358.0 
132.0	  0.0480	 2.62	       345.8 
133.0	  0.0480	 2.51	       333.6 
134.0	  0.0480	 2.40	       321.4 
135.0	  0.0480	 2.29	       309.2 
136.0	  0.0480	 2.18	       297.0 
137.0	  0.0480	 2.08	       284.8 
138.0	  0.0480	 1.97	       272.5 
139.0	  0.0480	 1.87	       260.3 
140.0	  0.0480	 1.77	       248.0 
141.0	  0.0480	 1.67	       235.7 
142.0	  0.0480	 1.57	       223.4 
143.0	  0.0480	 1.48	       211.1 
144.0	  0.0480	 1.38	       198.7 
145.0	  0.0480	 1.29	       186.4 
146.0	  0.0480	 1.19	       174.0 
147.0	  0.0480	 1.10	       161.7 
148.0	  0.0480	 1.01	       149.3 
149.0	  0.0480	 0.92	       136.9 
150.0	  0.0480	 0.83	       124.5 
151.0	  0.0480	 0.74	       112.1 
152.0	  0.0480	 0.66	       99.7 
153.0	  0.0480	 0.57	       87.3 
154.0	  0.0480	 0.49	       74.8 
155.0	  0.0480	 0.40	       62.4 
156.0	  0.0480	 0.32	       49.9 
157.0	  0.0480	 0.24	       37.5 
158.0	  0.0480	 0.16	       25.0 
159.0	  0.0480	 0.08	       12.5 
160.0	  0.0480	 0.00	       0.0 
