# rho	    A	        veq	       Qeq	  
0.0	  0.0200	 126.00	       0.0 
0.9	  0.0200	 125.72	       110.0 
1.8	  0.0200	 124.89	       218.6 
2.6	  0.0200	 123.53	       324.3 
3.5	  0.0200	 121.68	       425.9 
4.4	  0.0200	 119.42	       522.5 
5.2	  0.0200	 116.81	       613.3 
6.1	  0.0200	 113.95	       697.9 
7.0	  0.0200	 110.89	       776.2 
7.9	  0.0200	 107.72	       848.3 
8.8	  0.0200	 104.48	       914.2 
9.6	  0.0200	 101.23	       974.3 
10.5	  0.0200	 97.99	       1028.9 
11.4	  0.0200	 94.81	       1078.5 
12.2	  0.0200	 91.70	       1123.3 
13.1	  0.0200	 88.67	       1163.7 
14.0	  0.0200	 85.73	       1200.2 
14.9	  0.0200	 82.89	       1233.0 
15.8	  0.0200	 80.16	       1262.5 
16.6	  0.0200	 77.53	       1289.0 
17.5	  0.0200	 75.00	       1312.6 
18.4	  0.0200	 72.58	       1333.6 
19.2	  0.0200	 70.25	       1352.3 
20.1	  0.0201	 68.02	       1368.9 
21.0	  0.0201	 65.88	       1383.4 
21.9	  0.0201	 63.82	       1396.1 
22.8	  0.0201	 61.85	       1407.1 
23.6	  0.0201	 59.96	       1416.5 
24.5	  0.0201	 58.14	       1424.4 
25.4	  0.0201	 56.39	       1430.9 
26.3	  0.0202	 54.71	       1436.1 
27.1	  0.0202	 53.09	       1440.0 
28.0	  0.0202	 51.53	       1442.8 
28.9	  0.0203	 50.03	       1444.5 
29.8	  0.0203	 48.57	       1445.1 
30.6	  0.0204	 47.17	       1444.7 
31.5	  0.0204	 45.82	       1443.4 
32.4	  0.0205	 44.51	       1441.1 
33.2	  0.0206	 43.25	       1438.0 
34.1	  0.0206	 42.02	       1434.1 
35.0	  0.0207	 40.84	       1429.5 
35.9	  0.0208	 39.70	       1424.1 
36.8	  0.0209	 38.59	       1418.2 
37.6	  0.0210	 37.52	       1411.8 
38.5	  0.0211	 36.49	       1404.9 
39.4	  0.0212	 35.49	       1397.6 
40.2	  0.0212	 34.53	       1389.9 
41.1	  0.0213	 33.61	       1382.1 
42.0	  0.0214	 32.71	       1373.9 
42.9	  0.0215	 31.85	       1365.7 
43.8	  0.0215	 31.02	       1357.2 
44.6	  0.0216	 30.22	       1348.7 
45.5	  0.0217	 29.45	       1340.0 
46.4	  0.0217	 28.71	       1331.2 
47.2	  0.0217	 27.99	       1322.4 
48.1	  0.0218	 27.29	       1313.4 
49.0	  0.0218	 26.62	       1304.3 
49.9	  0.0218	 25.97	       1295.2 
50.8	  0.0219	 25.34	       1285.9 
51.6	  0.0219	 24.73	       1276.6 
52.5	  0.0219	 24.14	       1267.1 
53.4	  0.0219	 23.56	       1257.6 
54.3	  0.0219	 23.00	       1247.9 
55.1	  0.0219	 22.46	       1238.1 
56.0	  0.0220	 21.93	       1228.2 
56.9	  0.0220	 21.42	       1218.2 
57.8	  0.0220	 20.92	       1208.1 
58.6	  0.0220	 20.43	       1197.9 
59.5	  0.0220	 19.96	       1187.5 
60.4	  0.0220	 19.50	       1177.1 
61.3	  0.0220	 19.04	       1166.5 
62.1	  0.0220	 18.61	       1155.8 
63.0	  0.0220	 18.18	       1145.1 
63.9	  0.0220	 17.76	       1134.2 
64.8	  0.0220	 17.35	       1123.2 
65.6	  0.0220	 16.95	       1112.2 
66.5	  0.0220	 16.56	       1101.0 
67.4	  0.0220	 16.18	       1089.8 
68.2	  0.0220	 15.80	       1078.5 
69.1	  0.0220	 15.44	       1067.1 
70.0	  0.0220	 15.08	       1055.6 
70.9	  0.0220	 14.73	       1044.0 
71.8	  0.0220	 14.39	       1032.4 
72.6	  0.0220	 14.05	       1020.7 
73.5	  0.0220	 13.73	       1008.9 
74.4	  0.0220	 13.41	       997.0 
75.3	  0.0220	 13.09	       985.1 
76.1	  0.0220	 12.78	       973.1 
77.0	  0.0220	 12.48	       961.1 
77.9	  0.0220	 12.19	       948.9 
78.8	  0.0220	 11.90	       936.8 
79.6	  0.0220	 11.61	       924.5 
80.5	  0.0220	 11.33	       912.2 
81.4	  0.0220	 11.06	       899.9 
82.3	  0.0220	 10.79	       887.5 
83.1	  0.0220	 10.53	       875.1 
84.0	  0.0220	 10.27	       862.6 
84.9	  0.0220	 10.01	       850.0 
85.8	  0.0220	 9.77	       837.4 
86.6	  0.0220	 9.52	       824.8 
87.5	  0.0220	 9.28	       812.1 
88.4	  0.0220	 9.05	       799.4 
89.3	  0.0220	 8.81	       786.6 
90.1	  0.0220	 8.59	       773.8 
91.0	  0.0220	 8.36	       760.9 
91.9	  0.0220	 8.14	       748.0 
92.8	  0.0220	 7.93	       735.1 
93.6	  0.0220	 7.71	       722.1 
94.5	  0.0220	 7.50	       709.1 
95.4	  0.0220	 7.30	       696.1 
96.3	  0.0220	 7.10	       683.0 
97.1	  0.0220	 6.90	       669.9 
98.0	  0.0220	 6.70	       656.8 
98.9	  0.0220	 6.51	       643.6 
99.8	  0.0220	 6.32	       630.4 
100.6	  0.0220	 6.13	       617.2 
101.5	  0.0220	 5.95	       604.0 
102.4	  0.0220	 5.77	       590.7 
103.3	  0.0220	 5.59	       577.4 
104.1	  0.0220	 5.42	       564.0 
105.0	  0.0220	 5.24	       550.7 
105.9	  0.0220	 5.07	       537.3 
106.8	  0.0220	 4.91	       523.9 
107.6	  0.0220	 4.74	       510.4 
108.5	  0.0220	 4.58	       497.0 
109.4	  0.0220	 4.42	       483.5 
110.2	  0.0220	 4.26	       470.0 
111.1	  0.0220	 4.11	       456.4 
112.0	  0.0220	 3.95	       442.9 
112.9	  0.0220	 3.80	       429.3 
113.8	  0.0220	 3.65	       415.7 
114.6	  0.0220	 3.51	       402.1 
115.5	  0.0220	 3.36	       388.5 
116.4	  0.0220	 3.22	       374.8 
117.2	  0.0220	 3.08	       361.1 
118.1	  0.0220	 2.94	       347.4 
119.0	  0.0220	 2.80	       333.7 
119.9	  0.0220	 2.67	       320.0 
120.8	  0.0220	 2.54	       306.2 
121.6	  0.0220	 2.40	       292.5 
122.5	  0.0220	 2.28	       278.7 
123.4	  0.0220	 2.15	       264.9 
124.3	  0.0220	 2.02	       251.1 
125.1	  0.0220	 1.90	       237.3 
126.0	  0.0220	 1.77	       223.4 
126.9	  0.0220	 1.65	       209.6 
127.8	  0.0220	 1.53	       195.7 
128.6	  0.0220	 1.41	       181.8 
129.5	  0.0220	 1.30	       167.9 
130.4	  0.0220	 1.18	       154.0 
131.3	  0.0220	 1.07	       140.0 
132.1	  0.0220	 0.95	       126.1 
133.0	  0.0220	 0.84	       112.1 
133.9	  0.0220	 0.73	       98.2 
134.8	  0.0220	 0.62	       84.2 
135.6	  0.0220	 0.52	       70.2 
136.5	  0.0220	 0.41	       56.2 
137.4	  0.0220	 0.31	       42.1 
138.2	  0.0220	 0.20	       28.1 
139.1	  0.0220	 0.10	       14.1 
140.0	  0.0220	 0.00	       0.0 
