# rho	    A	        veq	       Qeq	  
0.0	  0.0050	 10.80	       0.0 
18.8	  0.0050	 10.80	       202.4 
37.5	  0.0050	 10.79	       404.5 
56.2	  0.0050	 10.77	       605.9 
75.0	  0.0050	 10.75	       806.2 
93.8	  0.0050	 10.72	       1004.9 
112.5	  0.0050	 10.68	       1201.8 
131.2	  0.0050	 10.64	       1396.5 
150.0	  0.0050	 10.59	       1588.5 
168.8	  0.0050	 10.53	       1777.6 
187.5	  0.0050	 10.47	       1963.3 
206.2	  0.0050	 10.40	       2145.4 
225.0	  0.0050	 10.33	       2323.5 
243.8	  0.0050	 10.25	       2497.4 
262.5	  0.0050	 10.16	       2666.8 
281.2	  0.0050	 10.07	       2831.6 
300.0	  0.0050	 9.97	       2991.4 
318.8	  0.0050	 9.87	       3146.2 
337.5	  0.0050	 9.77	       3295.9 
356.2	  0.0050	 9.66	       3440.3 
375.0	  0.0050	 9.54	       3579.4 
393.8	  0.0050	 9.43	       3713.0 
412.5	  0.0050	 9.31	       3841.3 
431.2	  0.0050	 9.19	       3964.2 
450.0	  0.0050	 9.07	       4081.7 
468.8	  0.0050	 8.95	       4193.9 
487.5	  0.0050	 8.82	       4300.8 
506.2	  0.0050	 8.70	       4402.5 
525.0	  0.0050	 8.57	       4499.0 
543.8	  0.0050	 8.44	       4590.5 
562.5	  0.0050	 8.31	       4677.0 
581.2	  0.0050	 8.19	       4758.7 
600.0	  0.0050	 8.06	       4835.7 
618.8	  0.0050	 7.93	       4908.1 
637.5	  0.0050	 7.81	       4976.0 
656.2	  0.0050	 7.68	       5039.4 
675.0	  0.0050	 7.55	       5098.7 
693.8	  0.0050	 7.43	       5153.8 
712.5	  0.0050	 7.31	       5204.9 
731.2	  0.0050	 7.18	       5252.1 
750.0	  0.0050	 7.06	       5295.5 
768.8	  0.0050	 6.94	       5335.3 
787.5	  0.0050	 6.82	       5371.5 
806.2	  0.0050	 6.70	       5404.3 
825.0	  0.0050	 6.59	       5433.8 
843.8	  0.0050	 6.47	       5460.1 
862.5	  0.0050	 6.36	       5483.3 
881.2	  0.0050	 6.25	       5503.5 
900.0	  0.0050	 6.13	       5520.7 
918.8	  0.0050	 6.02	       5535.2 
937.5	  0.0050	 5.92	       5547.0 
956.2	  0.0050	 5.81	       5556.1 
975.0	  0.0050	 5.71	       5562.7 
993.8	  0.0050	 5.60	       5566.8 
1012.5	  0.0050	 5.50	       5568.6 
1031.2	  0.0050	 5.40	       5568.0 
1050.0	  0.0050	 5.30	       5565.2 
1068.8	  0.0050	 5.20	       5560.3 
1087.5	  0.0050	 5.11	       5553.3 
1106.2	  0.0050	 5.01	       5544.3 
1125.0	  0.0050	 4.92	       5533.4 
1143.8	  0.0050	 4.83	       5520.5 
1162.5	  0.0050	 4.74	       5505.9 
1181.2	  0.0050	 4.65	       5489.4 
1200.0	  0.0050	 4.56	       5471.3 
1218.8	  0.0050	 4.47	       5451.5 
1237.5	  0.0050	 4.39	       5430.0 
1256.2	  0.0050	 4.30	       5407.0 
1275.0	  0.0050	 4.22	       5382.5 
1293.8	  0.0050	 4.14	       5356.6 
1312.5	  0.0050	 4.06	       5329.2 
1331.2	  0.0050	 3.98	       5300.4 
1350.0	  0.0050	 3.90	       5270.2 
1368.8	  0.0050	 3.83	       5238.8 
1387.5	  0.0050	 3.75	       5206.1 
1406.2	  0.0050	 3.68	       5172.1 
1425.0	  0.0050	 3.60	       5136.9 
1443.8	  0.0050	 3.53	       5100.6 
1462.5	  0.0050	 3.46	       5063.1 
1481.2	  0.0050	 3.39	       5024.5 
1500.0	  0.0050	 3.32	       4984.8 
1518.8	  0.0050	 3.26	       4944.0 
1537.5	  0.0050	 3.19	       4902.2 
1556.2	  0.0050	 3.12	       4859.4 
1575.0	  0.0050	 3.06	       4815.6 
1593.8	  0.0050	 2.99	       4770.8 
1612.5	  0.0050	 2.93	       4725.0 
1631.2	  0.0050	 2.87	       4678.3 
1650.0	  0.0050	 2.81	       4630.7 
1668.8	  0.0050	 2.75	       4582.2 
1687.5	  0.0050	 2.69	       4532.8 
1706.2	  0.0050	 2.63	       4482.5 
1725.0	  0.0050	 2.57	       4431.3 
1743.8	  0.0050	 2.51	       4379.3 
1762.5	  0.0050	 2.45	       4326.4 
1781.2	  0.0050	 2.40	       4272.6 
1800.0	  0.0050	 2.34	       4218.0 
1818.8	  0.0050	 2.29	       4162.6 
1837.5	  0.0050	 2.23	       4106.4 
1856.2	  0.0050	 2.18	       4049.3 
1875.0	  0.0050	 2.13	       3991.4 
1893.8	  0.0050	 2.08	       3932.6 
1912.5	  0.0050	 2.03	       3873.0 
1931.2	  0.0050	 1.97	       3812.6 
1950.0	  0.0050	 1.92	       3751.3 
1968.8	  0.0050	 1.87	       3689.2 
1987.5	  0.0050	 1.82	       3626.3 
2006.2	  0.0050	 1.78	       3562.5 
2025.0	  0.0050	 1.73	       3497.8 
2043.8	  0.0050	 1.68	       3432.3 
2062.5	  0.0050	 1.63	       3365.8 
2081.2	  0.0050	 1.58	       3298.5 
2100.0	  0.0050	 1.54	       3230.3 
2118.8	  0.0050	 1.49	       3161.2 
2137.5	  0.0050	 1.45	       3091.2 
2156.2	  0.0050	 1.40	       3020.3 
2175.0	  0.0050	 1.36	       2948.6 
2193.8	  0.0050	 1.31	       2875.8 
2212.5	  0.0050	 1.27	       2802.3 
2231.2	  0.0050	 1.22	       2727.8 
2250.0	  0.0050	 1.18	       2652.4 
2268.8	  0.0050	 1.14	       2576.2 
2287.5	  0.0050	 1.09	       2499.2 
2306.2	  0.0050	 1.05	       2421.3 
2325.0	  0.0050	 1.01	       2342.7 
2343.8	  0.0050	 0.97	       2263.5 
2362.5	  0.0050	 0.92	       2183.6 
2381.2	  0.0050	 0.88	       2103.1 
2400.0	  0.0050	 0.84	       2022.2 
2418.8	  0.0050	 0.80	       1940.9 
2437.5	  0.0050	 0.76	       1859.3 
2456.2	  0.0050	 0.72	       1777.6 
2475.0	  0.0050	 0.69	       1695.9 
2493.8	  0.0050	 0.65	       1614.5 
2512.5	  0.0050	 0.61	       1533.3 
2531.2	  0.0050	 0.57	       1452.8 
2550.0	  0.0050	 0.54	       1372.9 
2568.8	  0.0050	 0.50	       1294.1 
2587.5	  0.0050	 0.47	       1216.4 
2606.2	  0.0050	 0.44	       1140.1 
2625.0	  0.0050	 0.41	       1065.5 
2643.8	  0.0050	 0.38	       992.7 
2662.5	  0.0050	 0.35	       922.0 
2681.2	  0.0050	 0.32	       853.5 
2700.0	  0.0050	 0.29	       787.4 
2718.8	  0.0050	 0.27	       724.0 
2737.5	  0.0050	 0.24	       663.2 
2756.2	  0.0050	 0.22	       605.3 
2775.0	  0.0050	 0.20	       550.2 
2793.8	  0.0050	 0.18	       497.9 
2812.5	  0.0050	 0.16	       448.4 
2831.2	  0.0050	 0.14	       401.6 
2850.0	  0.0050	 0.13	       357.3 
2868.8	  0.0050	 0.11	       315.2 
2887.5	  0.0050	 0.10	       274.9 
2906.2	  0.0050	 0.08	       235.9 
2925.0	  0.0050	 0.07	       197.2 
2943.8	  0.0050	 0.05	       157.5 
2962.5	  0.0050	 0.04	       114.5 
2981.2	  0.0050	 0.02	       64.4 
3000.0	  0.0050	 0.00	       0.0 
