# rho	    A	        veq	       Qeq	  
0.0	  0.0120	 118.80	       0.0 
0.9	  0.0120	 118.70	       103.9 
1.8	  0.0120	 118.41	       207.2 
2.6	  0.0120	 117.92	       309.5 
3.5	  0.0120	 117.24	       410.3 
4.4	  0.0120	 116.36	       509.1 
5.2	  0.0120	 115.31	       605.4 
6.1	  0.0120	 114.08	       698.8 
7.0	  0.0120	 112.71	       789.0 
7.9	  0.0120	 111.19	       875.7 
8.8	  0.0120	 109.56	       958.7 
9.6	  0.0120	 107.83	       1037.8 
10.5	  0.0120	 106.01	       1113.1 
11.4	  0.0120	 104.12	       1184.3 
12.2	  0.0120	 102.17	       1251.6 
13.1	  0.0120	 100.19	       1315.0 
14.0	  0.0120	 98.18	       1374.5 
14.9	  0.0120	 96.15	       1430.3 
15.8	  0.0120	 94.12	       1482.5 
16.6	  0.0120	 92.10	       1531.1 
17.5	  0.0120	 90.08	       1576.4 
18.4	  0.0120	 88.08	       1618.4 
19.2	  0.0120	 86.10	       1657.4 
20.1	  0.0120	 84.15	       1693.4 
21.0	  0.0120	 82.22	       1726.6 
21.9	  0.0121	 80.33	       1757.2 
22.8	  0.0121	 78.47	       1785.1 
23.6	  0.0121	 76.64	       1810.7 
24.5	  0.0121	 74.85	       1833.9 
25.4	  0.0121	 73.10	       1854.8 
26.3	  0.0121	 71.38	       1873.7 
27.1	  0.0121	 69.69	       1890.4 
28.0	  0.0122	 68.04	       1905.2 
28.9	  0.0122	 66.43	       1918.1 
29.8	  0.0122	 64.84	       1929.1 
30.6	  0.0123	 63.29	       1938.2 
31.5	  0.0123	 61.76	       1945.6 
32.4	  0.0123	 60.27	       1951.1 
33.2	  0.0124	 58.79	       1954.9 
34.1	  0.0125	 57.34	       1956.8 
35.0	  0.0126	 55.91	       1957.0 
35.9	  0.0126	 54.50	       1955.2 
36.8	  0.0127	 53.11	       1951.6 
37.6	  0.0129	 51.72	       1946.1 
38.5	  0.0130	 50.35	       1938.5 
39.4	  0.0132	 48.99	       1928.8 
40.2	  0.0134	 47.63	       1917.0 
41.1	  0.0136	 46.27	       1903.0 
42.0	  0.0138	 44.92	       1886.6 
42.9	  0.0141	 43.57	       1867.9 
43.8	  0.0144	 42.21	       1846.8 
44.6	  0.0148	 40.86	       1823.4 
45.5	  0.0152	 39.51	       1797.6 
46.4	  0.0156	 38.16	       1769.6 
47.2	  0.0162	 36.81	       1739.5 
48.1	  0.0167	 35.48	       1707.4 
49.0	  0.0173	 34.16	       1673.7 
49.9	  0.0180	 32.86	       1638.7 
50.8	  0.0188	 31.58	       1602.6 
51.6	  0.0195	 30.33	       1565.8 
52.5	  0.0204	 29.12	       1528.7 
53.4	  0.0212	 27.95	       1491.7 
54.3	  0.0221	 26.82	       1455.1 
55.1	  0.0231	 25.75	       1419.4 
56.0	  0.0240	 24.73	       1384.6 
56.9	  0.0249	 23.76	       1351.1 
57.8	  0.0259	 22.84	       1319.1 
58.6	  0.0268	 21.98	       1288.6 
59.5	  0.0276	 21.17	       1259.7 
60.4	  0.0285	 20.41	       1232.5 
61.3	  0.0292	 19.70	       1206.8 
62.1	  0.0300	 19.04	       1182.7 
63.0	  0.0307	 18.41	       1160.0 
63.9	  0.0313	 17.83	       1138.6 
64.8	  0.0318	 17.27	       1118.5 
65.6	  0.0324	 16.76	       1099.6 
66.5	  0.0328	 16.26	       1081.6 
67.4	  0.0332	 15.80	       1064.5 
68.2	  0.0336	 15.36	       1048.2 
69.1	  0.0339	 14.94	       1032.6 
70.0	  0.0342	 14.54	       1017.5 
70.9	  0.0344	 14.15	       1003.0 
71.8	  0.0346	 13.78	       988.9 
72.6	  0.0348	 13.43	       975.2 
73.5	  0.0350	 13.09	       961.8 
74.4	  0.0351	 12.76	       948.7 
75.3	  0.0353	 12.43	       935.7 
76.1	  0.0354	 12.12	       923.0 
77.0	  0.0354	 11.82	       910.4 
77.9	  0.0355	 11.53	       897.9 
78.8	  0.0356	 11.24	       885.5 
79.6	  0.0357	 10.97	       873.1 
80.5	  0.0357	 10.69	       860.8 
81.4	  0.0357	 10.43	       848.6 
82.3	  0.0358	 10.17	       836.3 
83.1	  0.0358	 9.91	       824.1 
84.0	  0.0358	 9.67	       811.9 
84.9	  0.0359	 9.42	       799.7 
85.8	  0.0359	 9.18	       787.4 
86.6	  0.0359	 8.95	       775.1 
87.5	  0.0359	 8.72	       762.8 
88.4	  0.0359	 8.49	       750.5 
89.3	  0.0359	 8.27	       738.2 
90.1	  0.0359	 8.05	       725.8 
91.0	  0.0360	 7.84	       713.3 
91.9	  0.0360	 7.63	       700.9 
92.8	  0.0360	 7.42	       688.3 
93.6	  0.0360	 7.22	       675.8 
94.5	  0.0360	 7.02	       663.1 
95.4	  0.0360	 6.82	       650.5 
96.3	  0.0360	 6.63	       637.7 
97.1	  0.0360	 6.43	       625.0 
98.0	  0.0360	 6.25	       612.1 
98.9	  0.0360	 6.06	       599.2 
99.8	  0.0360	 5.88	       586.3 
100.6	  0.0360	 5.70	       573.3 
101.5	  0.0360	 5.52	       560.3 
102.4	  0.0360	 5.34	       547.1 
103.3	  0.0360	 5.17	       534.0 
104.1	  0.0360	 5.00	       520.7 
105.0	  0.0360	 4.83	       507.4 
105.9	  0.0360	 4.67	       494.1 
106.8	  0.0360	 4.50	       480.7 
107.6	  0.0360	 4.34	       467.2 
108.5	  0.0360	 4.18	       453.7 
109.4	  0.0360	 4.02	       440.2 
110.2	  0.0360	 3.87	       426.6 
111.1	  0.0360	 3.72	       412.9 
112.0	  0.0360	 3.56	       399.2 
112.9	  0.0360	 3.42	       385.5 
113.8	  0.0360	 3.27	       371.7 
114.6	  0.0360	 3.12	       358.0 
115.5	  0.0360	 2.98	       344.2 
116.4	  0.0360	 2.84	       330.4 
117.2	  0.0360	 2.70	       316.6 
118.1	  0.0360	 2.56	       302.8 
119.0	  0.0360	 2.43	       289.1 
119.9	  0.0360	 2.30	       275.4 
120.8	  0.0360	 2.17	       261.8 
121.6	  0.0360	 2.04	       248.3 
122.5	  0.0360	 1.92	       234.9 
123.4	  0.0360	 1.80	       221.6 
124.3	  0.0360	 1.68	       208.4 
125.1	  0.0360	 1.56	       195.4 
126.0	  0.0360	 1.45	       182.5 
126.9	  0.0360	 1.34	       169.9 
127.8	  0.0360	 1.23	       157.5 
128.6	  0.0360	 1.13	       145.3 
129.5	  0.0360	 1.03	       133.3 
130.4	  0.0360	 0.93	       121.6 
131.3	  0.0360	 0.84	       110.1 
132.1	  0.0360	 0.75	       98.9 
133.0	  0.0360	 0.66	       88.0 
133.9	  0.0360	 0.58	       77.2 
134.8	  0.0360	 0.49	       66.6 
135.6	  0.0360	 0.41	       56.1 
136.5	  0.0360	 0.33	       45.7 
137.4	  0.0360	 0.26	       35.0 
138.2	  0.0360	 0.17	       24.1 
139.1	  0.0360	 0.09	       12.6 
140.0	  0.0360	 0.00	       0.0 
