# rho	    A	        veq	       Qeq	  
0.0	  0.0120	 118.80	       0.0 
0.9	  0.0120	 118.70	       103.9 
1.8	  0.0120	 118.41	       207.2 
2.6	  0.0120	 117.92	       309.5 
3.5	  0.0120	 117.24	       410.3 
4.4	  0.0120	 116.36	       509.1 
5.2	  0.0120	 115.31	       605.4 
6.1	  0.0120	 114.08	       698.8 
7.0	  0.0120	 112.71	       789.0 
7.9	  0.0120	 111.20	       875.7 
8.8	  0.0120	 109.56	       958.7 
9.6	  0.0120	 107.83	       1037.9 
10.5	  0.0120	 106.01	       1113.1 
11.4	  0.0120	 104.12	       1184.4 
12.2	  0.0120	 102.18	       1251.7 
13.1	  0.0120	 100.20	       1315.1 
14.0	  0.0120	 98.19	       1374.7 
14.9	  0.0120	 96.17	       1430.5 
15.8	  0.0120	 94.14	       1482.7 
16.6	  0.0120	 92.12	       1531.4 
17.5	  0.0120	 90.10	       1576.8 
18.4	  0.0120	 88.11	       1618.9 
19.2	  0.0120	 86.13	       1658.0 
20.1	  0.0120	 84.18	       1694.2 
21.0	  0.0120	 82.26	       1727.6 
21.9	  0.0120	 80.38	       1758.3 
22.8	  0.0120	 78.53	       1786.5 
23.6	  0.0120	 76.71	       1812.3 
24.5	  0.0120	 74.93	       1835.8 
25.4	  0.0120	 73.19	       1857.2 
26.3	  0.0121	 71.48	       1876.4 
27.1	  0.0121	 69.81	       1893.7 
28.0	  0.0121	 68.18	       1909.1 
28.9	  0.0121	 66.58	       1922.6 
29.8	  0.0121	 65.02	       1934.3 
30.6	  0.0121	 63.49	       1944.4 
31.5	  0.0122	 61.99	       1952.7 
32.4	  0.0122	 60.52	       1959.3 
33.2	  0.0122	 59.08	       1964.3 
34.1	  0.0123	 57.66	       1967.6 
35.0	  0.0123	 56.26	       1969.3 
35.9	  0.0124	 54.89	       1969.2 
36.8	  0.0125	 53.53	       1967.4 
37.6	  0.0126	 52.19	       1963.7 
38.5	  0.0127	 50.86	       1958.1 
39.4	  0.0128	 49.54	       1950.5 
40.2	  0.0129	 48.22	       1940.7 
41.1	  0.0131	 46.90	       1928.7 
42.0	  0.0133	 45.58	       1914.3 
42.9	  0.0135	 44.25	       1897.4 
43.8	  0.0138	 42.92	       1877.8 
44.6	  0.0141	 41.58	       1855.5 
45.5	  0.0145	 40.23	       1830.3 
46.4	  0.0150	 38.87	       1802.4 
47.2	  0.0154	 37.50	       1771.7 
48.1	  0.0160	 36.12	       1738.5 
49.0	  0.0166	 34.75	       1702.8 
49.9	  0.0173	 33.39	       1665.2 
50.8	  0.0181	 32.04	       1625.9 
51.6	  0.0190	 30.71	       1585.5 
52.5	  0.0199	 29.42	       1544.4 
53.4	  0.0209	 28.17	       1503.3 
54.3	  0.0219	 26.96	       1462.7 
55.1	  0.0229	 25.81	       1423.0 
56.0	  0.0240	 24.73	       1384.6 
56.9	  0.0251	 23.70	       1347.9 
57.8	  0.0261	 22.74	       1313.2 
58.6	  0.0271	 21.84	       1280.5 
59.5	  0.0281	 21.01	       1250.0 
60.4	  0.0290	 20.23	       1221.5 
61.3	  0.0299	 19.51	       1195.1 
62.1	  0.0307	 18.84	       1170.7 
63.0	  0.0314	 18.22	       1148.0 
63.9	  0.0320	 17.64	       1126.9 
64.8	  0.0326	 17.10	       1107.2 
65.6	  0.0330	 16.59	       1088.8 
66.5	  0.0335	 16.11	       1071.5 
67.4	  0.0339	 15.66	       1055.1 
68.2	  0.0342	 15.23	       1039.6 
69.1	  0.0345	 14.82	       1024.7 
70.0	  0.0347	 14.43	       1010.4 
70.9	  0.0349	 14.06	       996.6 
71.8	  0.0351	 13.70	       983.2 
72.6	  0.0352	 13.36	       970.1 
73.5	  0.0353	 13.02	       957.3 
74.4	  0.0354	 12.70	       944.6 
75.3	  0.0355	 12.39	       932.2 
76.1	  0.0356	 12.08	       919.9 
77.0	  0.0357	 11.79	       907.6 
77.9	  0.0357	 11.50	       895.5 
78.8	  0.0358	 11.22	       883.4 
79.6	  0.0358	 10.94	       871.3 
80.5	  0.0358	 10.67	       859.3 
81.4	  0.0359	 10.41	       847.2 
82.3	  0.0359	 10.15	       835.2 
83.1	  0.0359	 9.90	       823.1 
84.0	  0.0359	 9.65	       811.0 
84.9	  0.0359	 9.41	       798.9 
85.8	  0.0359	 9.18	       786.8 
86.6	  0.0360	 8.94	       774.6 
87.5	  0.0360	 8.71	       762.4 
88.4	  0.0360	 8.49	       750.1 
89.3	  0.0360	 8.27	       737.8 
90.1	  0.0360	 8.05	       725.5 
91.0	  0.0360	 7.84	       713.1 
91.9	  0.0360	 7.63	       700.6 
92.8	  0.0360	 7.42	       688.1 
93.6	  0.0360	 7.22	       675.6 
94.5	  0.0360	 7.02	       663.0 
95.4	  0.0360	 6.82	       650.3 
96.3	  0.0360	 6.62	       637.6 
97.1	  0.0360	 6.43	       624.9 
98.0	  0.0360	 6.25	       612.1 
98.9	  0.0360	 6.06	       599.2 
99.8	  0.0360	 5.88	       586.3 
100.6	  0.0360	 5.70	       573.3 
101.5	  0.0360	 5.52	       560.2 
102.4	  0.0360	 5.34	       547.1 
103.3	  0.0360	 5.17	       533.9 
104.1	  0.0360	 5.00	       520.7 
105.0	  0.0360	 4.83	       507.4 
105.9	  0.0360	 4.67	       494.1 
106.8	  0.0360	 4.50	       480.7 
107.6	  0.0360	 4.34	       467.2 
108.5	  0.0360	 4.18	       453.7 
109.4	  0.0360	 4.02	       440.2 
110.2	  0.0360	 3.87	       426.6 
111.1	  0.0360	 3.72	       412.9 
112.0	  0.0360	 3.56	       399.2 
112.9	  0.0360	 3.42	       385.5 
113.8	  0.0360	 3.27	       371.7 
114.6	  0.0360	 3.12	       358.0 
115.5	  0.0360	 2.98	       344.2 
116.4	  0.0360	 2.84	       330.4 
117.2	  0.0360	 2.70	       316.6 
118.1	  0.0360	 2.56	       302.8 
119.0	  0.0360	 2.43	       289.1 
119.9	  0.0360	 2.30	       275.4 
120.8	  0.0360	 2.17	       261.8 
121.6	  0.0360	 2.04	       248.3 
122.5	  0.0360	 1.92	       234.9 
123.4	  0.0360	 1.80	       221.6 
124.3	  0.0360	 1.68	       208.4 
125.1	  0.0360	 1.56	       195.4 
126.0	  0.0360	 1.45	       182.5 
126.9	  0.0360	 1.34	       169.9 
127.8	  0.0360	 1.23	       157.5 
128.6	  0.0360	 1.13	       145.3 
129.5	  0.0360	 1.03	       133.3 
130.4	  0.0360	 0.93	       121.6 
131.3	  0.0360	 0.84	       110.1 
132.1	  0.0360	 0.75	       98.9 
133.0	  0.0360	 0.66	       88.0 
133.9	  0.0360	 0.58	       77.2 
134.8	  0.0360	 0.49	       66.6 
135.6	  0.0360	 0.41	       56.1 
136.5	  0.0360	 0.33	       45.7 
137.4	  0.0360	 0.26	       35.0 
138.2	  0.0360	 0.17	       24.1 
139.1	  0.0360	 0.09	       12.6 
140.0	  0.0360	 0.00	       0.0 
